x_(px)  Y_(px)  Channel
2.97999 267.46715 1
3.00958 262.49539 2
3.67143 376.61498 1
4.03895 1005.99082  1
4.25159 248.74961 2
4.33166 504.20449 2
4.62709 294.00746 1
4.99079 341.24714 2
5.84073 380.38019 2
7.48206 1009.51627  2
7.49703 423.00068 2
8.02923 522.47946 1
8.45902 298.4152  2
8.81762 517.2614  2
8.83421 983.14672 2
9.38554 591.41637 1
10.95813  492.14811 2
11.67581  333.65644 1
11.82197  350.0472  2
11.96179  341.3263  1
12.27264  231.64652 2
12.626  247.62813 1
12.65667  595.98641 2
13.4308 267.85298 2
13.59931  382.99876 1
13.82673  295.25438 1
13.97079  516.02743 1
13.97393  286.99641 1
14.47608  224.44348 1
14.52769  337.41443 2
14.6018 250.72609 2
14.60578  188.97824 2
15.90517  367.3734  1
16.08772  580.47276 1
16.14074  278.60116 1
16.46403  283.63587 2
16.69844  212.03781 1
16.96346  494.99316 1
17.38579  372.46  2
18.41386  263.64055 1
18.52724  381.88619 2
18.7599 483.22772 2
19.42919  452.73838 2
19.52164  1012.5359 2
19.89463  560.65926 2
19.99426  194.0036  1
21.14466  582.02032 2
22.93642  215.53041 1
22.99301  386.47082 1
22.99323  243.10107 2
23.5419 430.54208 2
23.66721  297.61193 1
23.96716  230.474 1
23.97084  487.03997 1
24.30695  350.58364 2
24.77598  513.02815 2
24.95676  623.73903 2
24.96184  517.49392 1
25.46239  464.57734 2
25.52751  474.9322  1
25.90798  254.67137 2
25.93761  295.86439 2
25.97367  267.68392 2
26.0732 338.48931 2
26.75435  228.40327 2
26.92632  214.52557 2
29.08005  371.25308 1
29.08297  633.22155 2
29.40194  249.64275 1
29.52103  611.0285  2
29.63444  377.9262  2
29.80508  444.40022 2
30.2008 477.79193 2
30.59435  309.34551 2
30.76641  366.53166 2
30.78515  285.20411 2
30.98238  303.02705 1
31.06648  616.18043 1
31.81403  341.76602 1
31.88984  580.56936 1
31.93753  238.54227 2
32.56796  192.9016  1
33.24768  567.66689 1
33.55013  548.67466 2
33.61936  448.58179 1
35.11344  542.10558 1
35.15711  577.11486 2
36.01012  336.48683 2
36.13168  361.01429 1
36.72038  566.1679  2
36.90296  330.56351 1
37.00864  285.05057 1
37.44165  560.53346 1
37.56455  620.94321 2
37.58868  135.80965 2
37.95461  300.49586 1
38.9774 539.31509 2
39.47025  367.48586 1
40.99669  568.97025 1
41.19223  303.69955 2
41.21805  353.85218 2
42.32869  316.01482 2
42.43036  365.47315 2
42.57765  345.6644  1
42.60696  643.90726 1
43.01582  285.83731 2
43.16775  624.3681  1
43.52522  274.93853 2
45.02846  324.03887 1
45.9669 342.78082 2
46.24887  628.44439 2
46.35587  301.5166  1
46.93756  646.95384 2
47.00129  309.97325 1
47.79126  279.56995 1
47.96194  222.69736 2
48.10966  247.45803 1
48.8983 604.98167 1
48.97437  598.37989 2
49.41791  579.36773 1
50.01161  287.4834  1
50.13591  609.79502 2
50.45586  633.41156 1
50.50082  325.02135 2
50.91861  305.74425 2
50.96483  245.63015 2
51.01777  267.44459 2
51.59831  348.57706 2
51.91666  262.42772 1
52.49911  588.98662 2
52.91521  442.63832 2
53.87745  637.99431 2
53.98274  530.2089  1
54.46085  579.24053 2
54.53195  738.51615 1
55.01382  569.46732 1
55.10744  771.3242  2
55.34539  744.16036 2
55.49351  618.01974 1
55.84513  279.70723 2
55.97145  270.65346 1
56.50157  325.54649 1
56.9425 284.95556 1
56.96997  256.12219 2
56.99387  448.01039 1
56.99998  584.49325 1
57.32923  528.14503 2
58.19167  958.38975 2
58.80583  567.64561 2
58.91821  660.09096 2
58.98575  316.53824 1
59.03142  621.39136 2
59.5265 951.98423 1
59.62762  352.37854 2
60.46365  632.97321 1
60.56533  746.17603 1
61.5905 211.53185 2
62.03419  202.72498 2
62.19546  545.57979 1
62.64783  655.44923 1
62.65796  318.59661 2
63.82601  629.74764 2
64.15972  571.34514 1
64.36874  249.64841 2
64.65147  498.38913 1
65.40443  531.80986 1
65.47716  279.98049 1
65.52316  353.46287 1
65.64078  661.00535 1
65.95152  286.28972 2
66.55857  610.54635 1
67.15384  546.93027 2
67.59885  574.11456 2
67.80677  219.54706 2
68.33791  535.11242 2
68.35855  334.58067 2
68.54811  345.89951 2
68.94722  613.91482 2
70.36058  648.61044 1
70.46637  320.50071 1
70.98662  661.06409 2
71.54072  248.60794 1
71.59006  498.5228  2
71.82639  525.04271 2
71.98929  545.94913 1
72.00643  620.49936 1
72.02086  329.98357 1
72.4565 665.98707 1
73.0604 628.50441 1
73.09447  287.12316 1
73.33249  243.12052 2
73.61282  922.82761 1
73.82063  582.60038 2
73.9437 322.6925  2
73.99784  537.95612 1
74.29976  505.42894 1
74.4368 237.9012  1
74.60994  599.91467 1
74.71074  284.80353 2
74.81111  634.53978 2
74.85219  594.77025 2
74.96187  927.86892 2
75.00391  647.60095 2
75.94585  207.03048 1
75.99277  529.44393 1
76.22321  569.72507 1
76.37702  623.38157 2
76.47302  487.52755 1
76.524  605.20113 2
76.88448  212.55045 2
77.41371  220.12106 1
77.73552  639.91413 1
77.86209  270.91094 1
77.90763  536.86267 2
77.99603  589.01911 1
78.16812  344.89851 2
78.91393  339.23245 1
79.01596  515.12584 1
79.28607  559.05695 1
79.49161  222.34139 2
79.93757  568.48352 2
79.9737 296.13643 1
80.37419  630.66806 1
80.52406  490.47647 2
80.99823  286.04339 1
81.38007  305.61277 1
81.69547  851.20199 1
82.45695  598.50242 1
82.65669  518.97026 2
83.55362  917.1906  2
83.76267  639.23973 2
83.79044  310.06874 2
83.98378  854.74459 2
84.04545  944.44453 1
84.18658  559.58001 2
84.4324 664.2973  2
84.862  533.42207 1
84.91006  923.9374  1
86.03442  583.03911 2
86.39306  671.09672 1
86.48556  576.95538 1
86.52354  566.44933 1
86.94022  615.38667 1
86.98654  286.25511 2
86.99762  657.93508 1
87.45854  483.52296 1
87.48115  597.67281 2
87.74362  219.69308 1
88.06474  606.47826 1
88.40324  498.67459 2
88.57172  937.29028 1
88.58772  217.19744 2
89.59045  639.59154 1
89.60855  297.52932 2
90.35796  557.62792 1
90.74607  532.03491 2
90.81722  548.3569  2
91.08474  319.60849 2
91.15972  648.96647 2
91.19897  575.34283 2
91.30561  486.32432 2
91.36709  616.01659 2
91.6246 305.37585 1
91.98183  313.44544 1
92.93328  606.51776 2
93.05989  672.09447 2
93.95641  666.97405 1
94.44473  239.53359 1
94.60892  261.40544 1
94.91596  244.63982 2
94.97907  601.01224 1
95.13486  493.92091 1
95.40096  265.01072 2
95.45275  322.4818  1
95.49643  515.90425 2
95.50635  306.47085 2
95.64306  227.91837 2
95.69896  955.96235 2
95.98903  623.01154 1
96.14376  556.02078 2
96.37735  887.3628  1
96.86041  593.1564  1
97.96968  583.88878 2
97.97407  674.47362 1
98.01074  578.02877 1
98.54656  497.93205 2
98.97664  869.19443 1
99.13086  255.58264 2
99.41142  595.32535 2
99.58498  476.03214 2
99.94776  301.72522 1
100.49106 620.04993 2
100.61305 526.57846 1
100.6552  873.49137 2
100.83606 958.5659  1
101.00497 657.14493 2
101.05657 888.8675  2
101.16737 532.26052 2
101.25777 249.40178 1
101.67343 642.24857 2
101.82916 571.62786 2
101.96782 549.65942 1
102.04878 647.30378 1
102.2889  518.88735 1
102.43805 610.3234  2
102.64967 545.51803 2
102.72687 539.83196 1
103.47669 635.49106 1
103.99223 839.01444 1
104.03232 261.02154 1
104.07752 471.77248 1
104.46818 584.5147  1
105.22131 522.71236 2
106.07777 832.53462 2
106.3365  823.96824 1
106.37901 506.3928  2
106.58582 815.9259  1
106.99395 867.44263 1
106.99497 568.96446 1
107.39521 581.43066 2
107.59221 611.4647  1
107.65882 857.02697 1
107.85759 633.71665 2
107.98532 600.47467 2
108.36702 269.15112 1
108.37309 670.42307 1
108.44244 496.25627 2
108.99877 655.65476 1
109.29551 860.99562 2
109.44351 511.00228 1
110.50564 265.48314 2
110.63431 664.14166 2
110.73514 476.43047 1
110.76539 820.79046 2
110.9003  481.4118  2
111.04447 542.43807 2
111.14657 525.82758 1
111.21498 885.91835 2
111.21711 648.36098 2
111.59112 594.86015 1
111.99542 680.52579 1
112.22668 500.15462 1
112.46728 530.96249 2
112.6672  629.49021 1
112.9998  550.94508 1
113.18067 570.47404 2
113.58236 676.53858 2
113.88189 891.42725 1
114.5532  556.39822 2
114.91138 270.00453 1
116.54816 594.70255 2
117.27767 490.92462 2
117.82471 628.78715 2
118.04851 603.49015 2
118.32406 576.66046 1
119.46374 591.03521 1
119.77219 546.78425 2
120.28346 578.94342 2
120.59629 506.90034 2
120.94242 636.78441 1
121.48682 499.49236 1
121.97685 924.54087 1
122.27691 613.23348 2
122.49729 541.01161 1
123.11356 934.9406  1
123.30639 525.78528 2
123.47261 831.49665 1
124.09633 592.11224 2
124.29767 478.89162 2
124.83397 638.50261 2
124.98391 879.99916 1
125.02434 553.97165 2
125.06956 549.48165 1
125.38362 883.0104  2
126.09149 847.38135 1
126.32439 601.06335 2
126.97475 937.41579 2
127.01419 927.51868 2
127.15808 468.91451 2
127.47293 559.88305 1
127.51765 833.46273 2
128.28024 582.18506 2
128.42013 499.20151 2
129.33533 847.88164 2
129.59688 505.54184 1
130.03829 579.0309  1
130.38258 542.12059 2
130.55799 537.08692 1
130.5758  806.00116 1
130.91073 494.12532 1
132.11708 562.09238 2
132.62403 592.49934 2
132.91756 509.75175 2
133.42795 548.02072 1
133.508 551.94192 2
134.47626 476.02011 1
134.81808 533.10602 2
134.85475 938.41801 1
134.9416  674.12385 1
135.12246 569.83542 2
135.30752 632.95581 1
135.97935 801.03906 1
136.0106  664.4804  1
136.01806 859.02366 1
136.05858 480.32323 2
136.44995 820.88721 1
136.51875 587.14414 1
137.06748 858.19929 2
137.42178 815.8756  2
137.61314 668.90087 2
137.77511 952.44233 1
138.22994 805.19215 2
138.48025 624.64815 1
138.76238 866.35705 1
138.99427 678.85559 2
139.15511 941.10641 2
139.26084 900.40377 2
139.81247 765.09453 1
140.07006 523.7497  2
140.17223 772.85609 2
140.49268 607.05842 2
140.57609 531.37099 1
140.59986 632.86552 2
140.80015 546.24956 2
141.08409 793.1111  2
141.1608  620.31204 2
141.61711 576.61392 2
142.07376 643.3481  2
142.17094 758.99602 2
142.24892 614.57182 1
142.57028 954.34503 2
142.60826 513.60758 2
142.7094  563.13517 2
142.76324 496.70536 1
142.7694  911.46763 1
142.95815 673.05273 1
143.35148 502.84823 2
145.08952 863.53007 2
145.13909 653.96668 2
145.53435 604.13605 1
145.78159 581.4355  1
146.95317 586.75445 2
147.04321 796.31041 1
147.62682 680.65221 1
148.02294 630.97754 1
148.08175 591.4543  1
149.02917 624.9628  1
149.1943  614.50515 2
149.44671 851.86409 1
149.91452 894.47922 2
150.12669 728.2463  2
150.55303 487.41192 1
150.87945 733.45642 1
151.48208 786.53832 1
151.49024 542.00007 1
151.89842 657.48923 1
151.93084 682.1797  2
152.06346 501.98506 1
152.15496 571.35503 2
152.64377 507.13346 2
152.94704 847.83483 2
153.28991 629.15906 2
154.04236 616.00218 1
154.67007 490.30898 2
154.77338 517.58797 2
154.82178 829.48715 2
154.90241 937.87308 1
155.56094 688.52104 1
155.98684 739.83894 1
156.00959 643.66301 2
156.03705 999.50514 2
156.13718 838.90832 1
156.54025 659.11116 2
156.56436 924.63299 1
156.57776 822.99044 1
156.59182 512.59231 1
156.64786 535.52458 2
157.33161 570.80209 1
157.4344  483.55665 1
157.62787 941.30363 2
158.00054 771.07619 1
158.2374  787.04452 2
158.55257 603.8795  2
158.98937 505.07925 1
159.27  563.88614 2
159.63017 630.24932 1
159.67671 927.11655 2
160.35585 686.1354  2
160.50041 648.00438 1
161.03733 638.99713 1
161.06101 490.51781 1
161.15114 581.60903 2
161.32367 837.4371  2
161.48122 735.99473 2
161.99017 608.39908 1
162.03922 538.88586 1
162.73671 518.61244 2
162.98835 508.22069 2
163.30955 626.50145 2
163.37004 613.93064 2
163.63261 771.17248 2
163.95624 670.31335 1
164.00089 739.04752 1
164.03133 590.49382 1
164.04702 546.42087 2
164.50975 635.03864 2
164.53345 577.35432 1
164.91146 665.1946  2
165.15195 514.35843 1
165.6947  596.14326 2
165.70495 888.98644 2
165.83122 602.5135  1
166.84585 529.80959 2
167.00716 777.52547 1
169.44359 489.50463 2
169.88169 789.23227 1
170.24802 782.57914 2
170.47956 593.01184 1
170.78514 643.27031 2
170.8798  484.86611 1
171.22267 727.70181 1
171.7948  888.58952 1
171.82517 507.72133 1
172.5818  522.05009 2
172.93021 647.42688 1
172.93456 588.32172 2
173.42028 617.29904 2
173.49145 603.26408 2
174.08211 733.42025 2
174.40969 512.68082 2
174.73173 952.51619 1
176.27525 902.37323 1
176.2986  838.12215 1
176.40378 655.85424 1
176.48201 661.05852 2
177.21581 789.29608 2
177.44138 597.5342  1
177.5802  576.90137 2
178.02057 522.43935 1
178.14439 620.44564 1
178.46233 562.92439 2
178.99976 516.09544 1
179.01173 588.07788 1
179.55268 744.71993 1
179.56832 956.32922 2
180.03797 626.99719 2
180.50132 490.44212 2
180.51966 604.97486 1
180.80805 710.25587 1
180.82233 531.43019 2
180.96997 780.4922  1
181.44587 536.44719 1
181.7959  835.20222 2
181.81076 813.19763 2
181.87717 903.07085 2
181.95671 754.01029 1
182.20995 553.78193 2
182.4625  598.43615 2
183.68915 564.56305 1
183.92781 818.59377 1
183.9346  738.01595 1
184.24412 649.34659 2
184.3945  860.00754 2
184.42333 667.37442 2
184.9415  588.03541 2
185.59582 671.67299 1
185.94559 528.02345 1
185.997 743.84746 2
186.28694 608.79612 2
186.78761 592.08743 1
187.00136 509.93612 1
187.25851 841.8511  1
187.33162 778.04346 2
187.66587 754.87144 2
188.37972 553.11479 1
188.73859 822.65784 2
188.95168 618.73594 1
189.14785 906.74094 1
189.49229 931.05434 1
189.51882 935.85438 2
189.63773 648.87763 1
189.71708 862.68147 1
190.00407 759.00948 1
190.09119 721.44561 2
190.12449 889.3884  2
191.61682 610.65971 1
192.32917 839.94162 2
192.497 766.45833 1
192.8659  656.45632 2
193.42246 599.19053 2
193.81594 956.80971 1
193.91018 563.51241 1
194.64931 631.79973 2
194.86778 879.06309 2
195.11824 721.9821  1
195.13079 626.69537 1
196.03212 576.98943 1
196.17431 903.55016 2
196.20051 873.82086 1
196.42956 611.34741 2
196.75926 970.25143 1
196.82007 581.9336  2
197.13517 560.66675 2
197.47893 768.05023 2
197.63694 961.02862 2
199.1498  808.55541 1
199.42583 586.11036 1
199.89816 929.07816 1
200.53785 742.68832 2
200.97958 365.47306 1
201.23349 730.80773 1
202.10821 711.97594 1
202.44556 929.65988 2
202.48762 374.43644 1
202.50987 605.54031 1
202.90045 813.64301 2
202.98642 796.30164 1
203.08778 621.25699 2
203.58265 880.0485  2
203.80314 842.43595 2
204.17628 725.4708  2
204.70097 746.19615 1
205.38168 607.89203 2
206.07095 904.41836 1
206.54201 708.03716 2
209.19689 797.63655 2
209.37231 891.38471 1
210.32148 882.51176 1
210.45967 808.81161 1
210.84787 904.07435 2
211.98928 552.10446 2
212.03013 751.93713 1
212.04264 720.47636 1
212.10886 737.82265 2
212.73208 756.90835 2
214.41199 799.42198 1
214.43535 890.20409 2
214.54464 548.06707 1
215.05552 840.54505 1
215.09174 485.04934 2
216.07999 927.03986 1
216.18917 812.71523 2
216.32793 710.49148 1
216.48166 723.03444 2
217.81104 572.33509 2
217.86388 705.52122 2
218.90673 530.88808 1
219.21346 526.06313 2
219.46668 839.99057 2
219.60469 618.88591 2
220.03954 799.88925 2
220.10753 751.66448 1
221.03447 929.10391 2
221.04693 795.01384 1
222.06263 376.69454 1
222.71588 572.44999 1
222.91094 809.76046 1
222.99216 936.02989 1
223.0157  521.48769 1
223.38268 756.05084 2
223.47068 552.15651 1
224.49305 788.54007 1
224.85435 469.91188 1
226.04757 595.22228 2
226.28454 741.87376 1
227.00949 658.71288 1
227.26826 548.27973 2
227.78456 533.65153 2
227.81801 642.56174 2
227.8895  731.55223 1
228.04623 812.95356 2
228.74978 569.42983 1
229.07068 485.45195 2
229.3956  786.6385  2
229.49476 797.4892  1
229.56438 472.49588 2
229.88026 637.40544 1
229.93103 852.91717 1
230.05686 656.2325  2
230.89839 595.6227  1
230.94192 829.98266 1
230.94601 835.04164 2
231.52368 532.99402 1
231.95387 894.53474 1
232.01311 726.31428 2
232.26679 738.43131 2
232.65064 940.40302 1
233.0466  476.03644 1
233.228 801.28241 2
233.39213 957.36214 1
234.01077 855.53531 2
234.16662 496.51267 2
234.19442 934.76966 2
234.23578 569.00382 2
234.51284 962.4891  2
236.9257  557.2446  2
237.01224 653.0355  1
237.83949 874.24079 2
237.91348 780.50782 2
238.13978 606.4517  2
238.1448  893.42655 2
239.01237 811.35994 2
239.32577 506.35706 2
240.01117 924.55838 1
240.15307 756.06555 2
240.24532 621.23125 2
240.49076 848.10662 1
241.1047  743.81486 2
241.25882 593.86419 2
241.62355 787.76684 1
241.6932  656.7312  2
242.12363 626.57114 1
242.14154 738.14087 1
242.50037 942.48242 1
242.54736 871.02392 1
242.67077 509.68084 1
242.95511 899.47916 1
242.98437 604.97715 1
243.03452 751.47403 1
243.40415 720.90285 2
243.9503  781.10169 1
244.38684 715.41007 1
244.47788 487.52495 2
244.93301 460.9826  2
245.04752 947.86349 2
245.05341 791.87723 2
245.67149 594.62796 1
245.67917 923.19802 2
245.97045 653.85279 1
246.53414 480.00443 1
246.65057 577.42684 2
246.749 445.4224  2
247.04733 475.32753 2
247.48613 724.53139 1
247.86748 879.0268  1
248.39943 448.12753 1
248.54766 859.63368 1
248.59515 461.12841 1
249.99986 621.53011 1
250.16185 838.07347 2
250.77829 616.45881 2
250.93448 576.9843  1
253.04099 816.46136 2
253.64259 632.88586 2
253.81894 864.80287 2
254.09694 879.22368 2
254.44195 750.49086 1
255.06868 747.14242 2
255.39446 617.85895 1
256.24306 797.0147  1
256.40318 769.12895 2
256.96615 839.97877 1
257.035 763.9853  1
257.27938 735.79086 1
257.30854 807.09926 1
257.56012 632.58767 1
257.98255 853.33351 2
258.55529 460.90587 2
258.806 817.99557 1
259.57502 831.16339 1
259.9906  847.99285 1
261.21433 797.20454 2
262.6088  663.60737 1
262.97192 756.99612 1
263.02875 646.13349 1
263.05126 734.07167 2
263.32023 809.53254 2
264.05657 502.01248 2
264.69657 650.60108 2
264.95397 519.09115 1
265.46951 721.10779 1
265.81702 833.10392 2
265.99936 750.71887 2
266.02087 712.03283 1
266.08773 195.83462 2
266.63417 662.73695 2
266.97061 523.9908  2
267.33859 435.3297  1
267.67745 638.65657 2
268.13694 547.88801 2
268.83721 527.77191 1
269.73908 761.41628 2
270.3297  716.8321  2
270.78091 511.75685 2
271.05404 644.05914 1
271.27988 432.03525 2
272.06606 741.03902 2
273.97578 513.56935 1
274 839.49813 1
274.18055 544.32095 1
274.21366 765.31507 1
275.18946 885.52409 1
275.7304  737.01516 1
276.03014 539.77783 2
276.27307 529.37503 2
276.43238 725.43913 1
276.66429 449.45547 1
276.72091 444.07799 2
278.7312  730.74045 2
279.37081 466.02347 2
279.53433 533.11652 1
279.85176 842.1 2
280.55449 596.22709 2
280.64039 601.09515 1
280.80451 875.86795 1
280.93447 800.93524 1
282.06998 852.32165 2
282.48525 781.48861 1
283.00113 761.55501 2
283.01524 757.03958 1
283.18181 847.1025  1
283.72259 586.57491 2
283.91074 465.78231 1
283.97352 665.2654  2
284.09867 427.36629 2
284.24789 478.6653  2
284.37364 542.58378 2
285.49346 747.60632 1
286.17792 798.28619 2
286.22434 661.03034 1
286.4043  575.84414 2
286.78208 570.57017 1
286.80725 723.14432 1
286.97029 475.44395 1
286.97495 900.50948 1
287.10169 515.70601 2
287.37788 621.42782 2
287.39641 431.08887 1
287.50524 877.26515 2
287.53383 531.84032 1
288.29229 696.68368 1
288.34509 782.63198 2
288.9945  543.99423 1
289.336 580.35856 1
289.35734 763.3249  1
289.4155  848.99681 1
289.98163 515.06973 1
290.86334 633.05813 1
290.95333 529.51454 2
291.17917 816.39537 2
291.22751 619.43012 1
291.46458 893.52487 2
291.4904  718.31534 2
292.01377 804.45973 1
292.03127 452.56924 1
292.69826 498.98426 2
293.17304 609.95734 2
294.08357 697.7281  2
294.50827 501.97046 1
294.7739  414.76658 2
295.35056 768.76837 2
295.49925 470.55368 2
295.50287 731.03967 1
295.57634 630.41862 2
295.72136 848.77695 2
296.52436 449.94077 2
296.71548 736.02521 2
296.88257 474.4847  1
297.07242 613.55402 1
297.70129 795.48163 1
297.90724 587.84506 1
297.99518 414.5338  1
298.19414 806.50291 2
298.24801 600.14499 2
299.08733 571.89875 2
299.97372 632.01704 1
300.35769 766.16243 1
300.47262 452.97091 1
301.24287 487.19326 2
301.81473 602.17034 1
302.51795 585.57704 2
303.83602 850.53286 1
304.16922 796.67123 2
305.12081 499.67318 2
305.28788 631.09682 1
305.44139 484.96354 1
307.54867 750.53328 1
307.80134 626.45168 2
308.01459 836.88368 1
309.32615 853.4057  2
309.54128 499.29816 1
311.2807  421.02532 2
311.77254 839.4048  2
311.98743 530.40857 2
312.7331  455.96218 2
312.95632 746.98244 2
313.44476 647.90887 2
313.47737 589.48871 1
313.77436 426.38026 1
314.99744 798.00245 1
314.99957 664.52626 2
315.06561 451.52382 1
315.99456 827.55739 1
316.52023 593.81111 2
317.7545  520.03522 2
317.90434 647.40123 1
318.88456 503.16152 2
319.01031 803.01715 2
319.45985 767.44718 2
319.57294 671.46004 1
319.62174 446.39118 2
319.95327 676.49096 2
319.99356 762.44855 1
320.18308 499.0747  1
320.46295 483.52098 1
320.71207 789.72298 2
320.72054 571.5577  1
320.83177 851.56105 2
321.07277 576.74231 2
321.88637 420.15215 1
322.00158 429.94595 1
323.94247 491.01872 1
323.97811 752.05971 1
324.21771 424.82992 2
324.65644 786.21033 1
325.2171  745.30724 2
325.46438 486.46226 2
325.77686 662.96203 1
326.46897 587.53336 2
326.99022 823.00896 1
327.70052 666.95245 2
328.09435 392.64026 2
328.53031 539.03143 2
328.88743 563.38784 2
328.96341 526.65747 2
328.98525 568.99283 1
330.3316  533.34671 1
330.54426 396.46051 1
330.91638 498.19763 2
331.09442 836.36685 1
331.13382 581.79253 1
332.47416 794.97611 1
332.99131 821.77796 2
333.11301 686.12977 2
333.13423 436.52644 2
333.26926 431.84147 1
333.45729 767.98927 1
335.2909  619.39588 2
335.46036 555.16694 1
335.60342 550.99783 2
336.583 798.27893 2
336.67255 833.85074 2
337.15273 682.44603 1
337.30663 783.08422 2
337.33028 582.98236 2
337.87011 516.1076  1
338.42293 639.56353 1
339.1069  768.13999 2
339.2172  612.56548 1
339.47887 519.56092 2
340.79163 642.78858 2
341.47079 650.00592 1
341.79364 530.45818 2
342.00063 378.1574  2
342.94029 404.05881 1
343.00575 601.0427  1
343.29173 629.69999 2
343.52831 384.01607 1
343.85028 615.20813 2
344.17  559.71032 1
344.37168 445.54442 2
344.50566 677.97499 2
344.81467 423.84695 1
345.04408 440.50437 1
345.29098 804.08357 2
345.37558 419.02365 2
345.65261 399.46545 2
346.42871 628.36282 1
347.03581 652.99232 2
347.58036 389.43276 2
347.66909 674.61233 1
347.97083 601.98295 2
348.09819 478.54132 2
348.41285 543.5127  2
348.6102  547.9539  1
349.19825 558.8794  2
349.95295 597.05295 1
350.49061 357.98049 2
351.97302 390.49802 1
352.11399 491.67783 2
354.1568  468.92173 2
354.44801 375.30981 2
354.56469 430.868 1
354.87665 406.29633 2
355.00098 670.29573 2
356.04807 434.41669 2
356.35065 681.46696 2
357.10214 623.64576 2
357.17413 665.86657 1
357.26964 627.99594 1
357.36091 676.56365 1
357.98009 373.5258  1
358.26128 501.93157 2
358.46591 471.59535 1
360.12749 758.52693 2
360.50168 499.02856 1
362.44995 754.60812 1
363.59993 389.38819 2
364.16562 384.59415 1
365.46407 641.97963 1
365.49021 561.87554 2
365.56938 611.58366 2
366.00411 617.24587 1
366.04616 367.1516  1
366.32973 477.39567 1
366.4573  530.53051 1
366.55621 483.33206 2
367.51917 361.82376 2
368.11891 598.82732 2
368.46505 525.71496 2
369.68757 722.00602 2
370.00471 560.50699 1
371.76942 503.43384 2
372.04604 754.64057 2
372.36336 736.59578 2
372.49184 740.80548 1
373.00285 598.61202 1
373.11765 725.94553 1
373.9518  433.90226 2
374.68895 368.04309 1
375.07381 751.86631 1
375.89869 629.10885 1
375.99212 502.56213 1
376.01567 624.0035  2
376.68229 610.4317  2
377.93149 605.94559 1
378.05501 436.52533 1
378.05584 368.03357 2
378.46152 785.0134  2
378.55161 556.47848 2
379.00556 246.99301 1
379.57733 547.50285 1
380.17479 541.42403 2
380.25364 347.51796 2
380.68  599.91135 2
380.78536 1002.99499  2
381.01958 618.97369 1
381.19717 459.71157 2
381.34518 380.33618 1
381.5123  353.0248  1
382.20152 446.75986 2
382.43716 787.42003 1
382.48981 553.51716 1
383.19035 523.57518 2
383.33427 382.10827 2
383.5082  492.47049 2
383.96674 35.97637  1
384.23415 393.05655 1
384.45155 528.49234 1
384.63029 395.37882 2
384.92959 460.36214 1
385.54077 777.02493 1
386.22716 571.24503 2
386.28432 802.53939 2
386.30349 469.00093 2
387.32518 223.00503 2
387.40945 232.96091 2
387.5232  426.64637 2
387.76679 617.97971 2
387.76705 493.31864 1
388.00734 362.59592 1
388.06146 655.19739 2
388.46541 643.36511 2
389.06779 363.43763 2
389.37773 499.93443 2
390.06496 466.06305 1
390.47761 569.89989 1
390.87757 561.03389 1
390.96896 502.60247 1
390.99789 776.55293 2
391.06304 804.5474  1
391.16336 534.55616 2
391.39197 436.21007 2
391.43753 665.73891 2
391.81667 640.49005 1
392.11187 661.24501 1
393.50121 765.0329  2
394.7009  557.07438 2
395.0864  533.09292 1
395.55386 776.83862 1
396.90228 217.38294 2
397.30228 438.26629 1
398.05605 211.40111 1
398.27418 466.77135 2
398.27869 155.98005 2
399.44152 575.00012 1
400.14945 481.3715  2
400.41585 236.62468 1
400.59718 176.44719 2
400.6772  462.35062 1
401.99312 164.82781 2
402.08823 146.89586 2
402.791 347.47339 1
404.05342 481.27971 1
404.17674 750.65681 2
404.26184 239.56733 2
404.46479 226.00357 2
404.72332 342.39993 2
405.25843 127.97047 2
405.55195 375.57696 1
405.59495 178.60207 1
405.93965 336.41731 1
406.09642 437.91189 2
406.27432 531.16607 2
406.48872 738.42437 2
406.54642 332.024 2
406.86378 753.81435 1
407.0088  222.98083 1
407.05413 394.42565 2
407.21413 256.17223 2
407.21524 150.57226 1
407.25463 196.87181 2
407.53847 251.00005 1
407.71923 378.74426 2
408.85236 810.43286 2
408.95427 382.96098 1
409.2643  528.30727 1
409.60234 577.70294 2
409.93067 814.1036  1
410.6903  392.43412 1
411.12603 131.27545 1
411.56244 180.19884 2
411.63459 263.32268 1
412.58124 712.72524 2
412.5954  475.36941 2
413.02871 574.20853 1
413.08408 591.21898 2
413.15997 684.59451 2
413.38074 464.5189  1
413.68459 138.28276 2
413.75762 110.66179 1
413.89726 823.45075 2
413.95978 268.14998 2
414.11408 471.02111 1
414.18671 458.85268 2
414.38334 205.68609 2
414.95342 252.0488  1
415.14316 519.43378 1
416.00208 224.40253 2
416.39306 326.63285 2
416.44084 714.00717 1
416.51074 399.44314 1
416.5446  524.36505 2
416.58783 583.84275 1
416.73352 76.56141  2
416.8242  72.48011  1
417.5807  387.66912 1
418.11319 166.26408 2
418.20154 206.9323  1
418.26508 825.17591 1
418.50983 612.85298 2
419.08047 727.61953 1
419.31569 636.63118 2
419.45052 632.60362 1
419.48144 254.04352 2
419.49697 330.53575 1
419.63183 722.45121 2
419.67684 162.34835 1
420.01221 141.51907 1
420.37852 123.96197 2
420.6038  561.90948 1
420.61597 418.47521 2
420.72252 402.61101 2
420.73536 368.9622  2
420.94036 383.80826 2
420.96972 926.00787 1
421.23385 583.63129 2
421.43861 108.57401 2
422.03126 224.95704 1
422.60344 273.07674 1
422.75014 363.97626 1
423.39753 699.24488 2
423.48918 107.52368 1
423.84201 753.31917 2
423.99343 758.56987 1
424.02293 702.68875 1
424.13683 423.82908 1
424.2467  173.91391 1
424.39809 62.36176  2
424.52416 567.29426 2
424.92976 820.53931 2
425.30075 327.37173 2
425.84279 837.05766 1
425.91743 43.12145  2
426.02058 358.48978 1
426.38336 227.98554 2
426.67247 272.83311 2
426.96165 634.49802 1
426.99424 198.51917 1
427.35519 174.86696 2
428.07468 488.25563 2
428.07728 123.99211 1
428.71945 637.41023 2
428.72761 357.69887 2
428.797 261.35407 2
429.41425 265.01332 1
429.77409 153.06705 2
429.81491 437.80491 2
430.03262 474.16711 2
430.03974 66.00233  1
430.10557 570.19255 1
430.32425 626.57392 2
430.3548  128.55511 2
430.4451  794.5501  2
430.76483 538.54954 1
430.90712 117.67492 2
430.98531 162.19211 2
431.05018 255.00181 1
431.0628  423.04178 2
431.12045 104.56642 2
431.12342 838.45958 2
431.24879 196.00263 2
431.29262 575.16277 2
431.56126 350.88676 1
431.57788 394.92363 2
432.00409 380.592 2
432.1197  486.62637 1
432.25805 538.19951 2
432.65898 402.59224 1
432.90339 470.86471 1
433.07261 419.12006 1
433.49267 48.20053  1
434.013 148.21099 1
434.15729 348.11505 2
434.43642 70.40081  2
434.47142 250.57608 2
434.78339 392.85602 1
435.14241 121.22863 1
435.50347 101.94775 1
435.57727 158.32108 1
435.64895 332.5949  1
435.97716 343.03833 1
436.23448 192.45844 1
436.44143 280.88429 1
436.52339 128.87618 1
436.56332 286.00489 2
437.522 404.0852  2
437.95273 336.30737 2
437.99813 274.82927 2
438.36055 449.2692  2
439.0605  563.40866 2
439.79667 144.97079 2
439.95577 169.88214 1
440.02097 558.56535 1
440.19416 66.62942  1
440.42675 446.45667 1
441.02815 139.98097 1
441.0741  263.34133 2
441.44525 111.18123 2
441.51524 481.31105 2
441.65389 24.19841  1
442.18039 771.5066  2
442.34407 274.14001 1
442.61673 506.4098  1
442.68472 164.93468 2
442.95258 511.4169  2
442.97605 684.18038 2
443.04884 857.44694 2
443.48928 391.34011 2
443.85433 63.42231  2
443.86579 154.04139 1
443.99407 186.97954 1
444.46042 239.16393 2
444.87815 93.00213  2
445.00258 768.81575 1
445.31408 479.32563 1
445.49562 443.57308 2
445.73622 20.70496  2
445.80889 120.41143 2
446.06642 166.02171 1
446.15449 847.49758 2
446.57749 602.44107 2
446.68712 190.04202 2
446.99334 388.01255 1
447.30687 199.93133 1
447.32667 670.86325 2
447.53692 109.84484 1
447.54853 249.38695 2
447.97962 598.56595 1
448.11524 154.21081 2
448.40422 851.39878 1
449.05485 545.34613 2
449.24423 203.90811 2
449.89766 565.49242 1
450.0265  611.97217 1
450.51871 91.98931  1
451.01744 435.01418 1
451.37112 734.23139 2
451.74909 122.30826 1
452.07119 452.58221 2
452.19113 542.55006 1
452.56362 250.18916 1
452.7844  442.47184 1
453.34533 604.65809 1
453.4011  773.0864  1
453.43481 636.79255 2
453.54237 693.87426 2
453.99977 624.80311 2
454.1485  563.00657 2
454.18029 286.11691 1
454.39861 214.98689 2
454.85312 609.89489 2
454.98679 804.89782 2
455.01413 731.974 1
455.03506 669.53167 1
455.16488 92.01568  2
455.20628 258.54876 1
455.25314 551.35685 1
455.27939 112.47217 1
455.39829 664.42124 2
455.4944  511.59753 2
455.82411 443.39271 2
455.94728 351.51128 1
456.25297 174.07353 2
456.29253 431.57493 2
456.47878 112.06145 2
456.60923 681.60727 1
456.7143  451.87262 1
456.90373 725.1878  2
456.90938 268.47748 1
456.97012 179.5212  1
457.29237 59.98869  1
457.30463 162.98389 1
457.51891 210.57929 1
458.02567 282.96155 2
458.07047 803.09252 1
458.16273 510.34362 1
458.29689 552.11875 2
458.55385 770.93909 2
459.02563 255.1265  2
459.26638 197.37025 1
459.34783 272.8094  2
459.41862 600.09603 2
459.5012  346.67897 2
459.56643 637.85653 1
459.57197 90.91357  1
459.96586 60.34141  2
460.48096 22.50441  1
460.89328 161.00684 2
460.99845 291.02099 1
461.09284 201.84868 2
461.34164 679.39948 2
461.61  577.99832 1
462.01563 103.0721  1
462.07829 218.07366 1
462.28476 760.87484 2
462.57456 587.67271 1
462.74859 723.40391 1
463.34466 756.28762 1
463.5467  403.06647 1
463.70147 371.47297 2
463.96414 222.59523 2
464.0221  74.56097  1
464.48671 516.30892 2
464.54874 823.52854 2
464.67895 300.97445 1
464.70978 20.11053  2
464.77032 397.03276 2
464.80709 356.34116 2
465.04915 155.98143 1
465.13074 294.61792 2
465.47066 732.8144  2
465.91082 716.46272 2
465.93956 820.00833 1
465.98112 901.50061 2
466.10368 670.21868 2
466.17999 578.82499 2
466.25034 102.68266 2
466.47729 179.99837 1
466.77482 591.63985 2
467.03507 883.14713 1
467.73134 335.30644 2
467.94768 768.01648 1
468.68714 786.52077 2
468.99426 130.48127 1
469.00853 340.88072 1
469.12323 842.97019 1
469.30298 845.72181 2
469.40643 870.34473 2
469.98114 730.98135 1
469.99998 113.48687 1
470.41629 179.64762 2
470.6205  10.34111  1
470.78928 213.09193 2
471.01276 568.0337  1
471.14097 881.11896 2
471.4519  285.98415 2
471.82809 133.49032 2
471.88826 769.17971 2
471.99536 574.97733 1
472.17617 798.43263 2
472.88772 785.98419 1
472.89297 77.39488  1
473.08365 257.74388 2
473.47262 440.45601 1
473.54775 794.35125 1
473.58811 870.36364 1
473.97817 404.48039 1
474.50165 507.98459 1
475.02789 399.01919 2
475.34765 109.71582 2
476.06969 570.31332 2
476.26833 274.07597 2
476.31897 191.58524 2
476.38543 473.41867 1
476.4425  429.60507 2
476.48536 234.01709 1
477.2002  512.10148 2
477.91198 835.38927 1
478.28342 477.19293 2
478.50474 135.41265 1
478.60734 713.59563 1
478.6261  440.5747  2
479.32015 258.44747 1
479.49653 294.03133 1
479.5313  90.19715  2
479.60911 420.44045 2
479.74244 224.33739 2
479.93081 108.04044 1
479.99324 829.51756 2
480.04725 237.02902 2
480.06555 47.93863  2
480.29133 337.43185 2
480.32318 299.10901 2
480.51353 431.49256 1
481.02453 182.04934 2
481.75139 87.13816  1
481.79435 209.79931 1
482.04368 359.02695 1
482.0794  342.58223 1
482.14833 537.04311 2
482.55227 419.99941 1
482.65185 273.55134 1
482.68873 248.42332 2
482.86079 366.95953 1
482.87165 383.14742 1
482.87736 166.67088 1
483.36174 441.99404 1
483.44295 213.51031 2
483.84988 371.89793 2
484.53814 228.4472  1
484.62027 715.44876 2
484.64028 131.41316 2
485.03718 458.00273 1
485.07714 46.63253  1
485.09209 523.93514 1
485.51081 537.48921 1
485.83976 178.39856 1
486.04624 309.43153 2
486.09063 470.20381 1
486.12857 143.77812 1
486.51507 61.49651  2
486.75243 702.7395  2
486.84696 139.832 2
486.98937 115.51179 2
487.06961 218.98255 1
487.11707 461.50762 2
487.15529 407.59764 2
487.15923 360.67085 2
487.2863  384.49412 2
487.52099 512.48276 1
487.61536 709.04583 1
487.83227 288.2321  2
488.2748  245.62258 1
488.53683 167.34187 2
488.64824 276.01569 2
488.8002  517.39564 2
488.85584 654.01533 1
488.93184 528.03031 2
488.95947 474.4778  2
488.96171 425.02787 1
489.27577 28.50192  2
489.35789 431.34576 1
489.42509 73.02579  2
489.48489 656.46611 2
489.57173 356.3721  1
489.63821 84.15111  2
490.17805 133.00757 1
490.20187 411.84742 1
490.54669 234.82971 2
490.72166 50.61746  2
491.04904 431.89727 2
491.31107 207.32633 2
491.54325 229.64972 1
491.68451 873.71107 2
491.80261 745.53363 2
492.03666 183.64141 2
492.03891 421.79005 2
492.25817 64.50095  1
492.90671 219.71898 2
492.99745 249.24814 2
493.05062 642.45079 2
493.23859 287.82179 1
493.25494 485.28553 2
493.42185 455.91339 1
494.04459 105.24473 2
494.56845 154.45246 2
494.7447  21.88813  2
494.85599 301.82095 2
494.97635 54.25452  1
495.33586 717.36081 1
495.50107 638.00075 1
495.5069  75.53613  1
495.53219 84.46467  1
496.05664 131.70337 2
496.11854 538.61413 1
496.15546 202.53418 1
496.21085 736.9765  2
496.28353 541.44851 2
496.86389 489.34927 1
497.10063 746.84608 1
497.40347 802.80286 1
497.91453 896.29018 2
497.98209 864.99157 1
498.01779 514.96951 1
498.43079 28.99276  1
498.44683 608.82824 2
498.51101 459.32933 2
498.68723 173.77306 2
498.95784 314.29537 2
499.08384 700.56741 1
499.30103 388.004 1
500.02986 718.02796 2
500.03771 138.04309 1
500.18504 735.22411 1
500.30898 156.11922 1
500.38496 230.09329 1
500.75174 106.10271 1
500.80405 58.84869  2
500.88416 200.72842 2
500.94986 861.82093 2
500.98085 612.19162 1
501.00288 129.56023 1
501.26597 399.19254 1
501.27037 893.21916 1
501.32811 113.5515  2
501.40414 179.76544 1
501.4262  704.40079 2
501.48737 1019.55663  1
501.68248 691.87901 1
501.92719 507.12177 1
501.94608 523.01732 1
501.98321 214.44854 1
502.08987 803.61961 2
502.4896  788.41233 1
502.57535 1010.05495  1
502.60684 69.35084  2
502.89333 146.96235 2
502.92441 35.10985  2
503.46798 633.1403  2
503.52249 511.90251 2
503.79967 753.51462 2
503.8325  792.48158 2
504.00918 623.29355 1
504.12956 384.8507  2
504.43964 684.26282 2
504.65049 161.76533 2
504.81779 305.99713 2
505.08978 1016.6387 2
505.26814 206.85741 1
505.33787 226.47363 2
505.51246 902.05978 1
505.53186 136.53379 2
505.91079 618.87589 2
505.98523 212.01017 2
505.99761 238.88996 1
506.08478 399.61509 2
506.09561 1005.28626  2
506.38598 526.59741 2
506.48831 87.47797  2
506.61382 693.88652 2
507.03032 271.02464 1
507.06747 672.40262 1
507.45028 115.99258 1
507.4615  60.47886  1
507.61773 22.56842  1
507.98286 82.97752  1
508.11112 24.64203  2
508.21609 145.60892 1
508.35852 893.75034 2
508.50263 682.48816 1
508.96722 70.66358  1
508.97818 231.57465 1
509.17028 294.92049 2
509.41194 165.89503 1
509.72444 244.3091  2
510.32315 158.30823 1
510.7876  364.51985 1
510.96849 479.22412 2
510.98368 675.37396 2
511.00194 527.50954 1
511.0056  289.9966  1
511.58017 902.63761 2
512.81514 802.34298 2
512.83644 895.6557  1
513.13991 842.07888 1
513.14593 843.93395 2
513.38901 258.66209 1
514.15373 371.2442  2
514.21637 455.26195 2
514.31151 32.63135  2
514.81213 131.90966 2
514.96431 360.38518 2
514.98593 482.01032 1
515.00313 159.84477 2
515.2404  536.30366 2
515.58441 239.53629 1
515.89918 99.40489  2
516.02993 264.46959 1
516.30062 727.89541 2
516.47852 806.01945 1
516.54038 80.65458  1
517.52413 197.33933 2
517.60962 386.25723 1
518.2226  166.51673 1
518.87533 259.76248 2
519.15157 642.93781 1
519.61841 381.90659 2
519.89956 446.1915  2
519.94622 515.55665 2
520 185.48794 2
520.05307 272.36665 2
520.09065 174.36124 2
520.44566 63.9898 1
520.49563 725.58255 1
520.58393 34.115  1
520.58826 309.86806 1
520.69248 239.673 2
520.72701 468.55209 2
521.07779 821.60222 2
521.14505 10.90662  2
521.38715 295.87636 1
521.50529 85.9437 2
521.51713 289.82579 2
522.00695 451.41617 1
522.0917  227.57544 1
522.09419 74.14484  2
522.50962 414.50397 2
522.75677 214.49706 2
523.47539 211.10521 1
523.69641 399.36546 1
523.81443 144.64857 2
524.4622  468.14714 1
524.6157  641.26048 2
524.63835 682.57273 1
524.90718 687.42402 2
524.96044 82.01958  1
525.03762 188.98653 1
525.37421 365.49578 2
525.42532 249.52351 2
525.97461 174.01985 1
526.39802 393.86093 2
526.88464 377.09008 1
527.01713 101.84072 2
527.07411 906.5086  1
527.26177 910.34084 2
527.44368 976.88809 2
527.45312 227.3782  2
527.56018 218.14579 1
527.79427 459.18874 2
527.79565 1010.55258  1
528.43547 204.08679 1
528.616 10.37386  1
528.97823 380.88655 2
529.14403 823.47412 1
529.52395 53.95203  2
530.26026 786.92376 2
530.42403 259.2732  2
530.49307 99.49279  1
530.7895  276.54937 1
530.86324 296.65336 2
530.89258 1005.77623  2
530.91075 429.79723 1
530.99158 915.59698 1
531.46803 474.45003 2
531.54169 231.93862 1
531.54433 193.4931  1
531.55493 472.37756 1
531.92535 318.38049 2
532.02091 664.01776 1
532.67102 399.46683 1
532.67272 19.96541  2
532.88267 205.18353 2
533.11505 158.20232 2
533.21692 869.86416 2
533.40437 628.62008 1
533.45901 7.48418 2
533.48899 786.48457 1
533.69803 48.97512  1
533.78395 825.98833 2
533.84657 602.99349 1
533.99146 16.93736  1
534.21617 309.4847  2
534.37375 774.15865 2
534.48632 270.59909 2
534.58648 580.1068  1
535.14939 866.414 1
535.15822 111.97803 2
535.1785  406.3118  1
535.52826 626.17543 2
535.73058 432.86498 2
535.9253  587.07605 2
536.53138 592.98737 1
536.69684 605.30121 2
536.93751 645.98068 1
536.94008 199.41622 1
537.08745 193.5895  2
537.23548 879.36391 2
537.35101 233.45501 2
537.73863 155.14946 1
537.74319 642.89079 2
537.84919 979.33143 1
538.44513 399.03111 2
538.56138 45.92998  2
538.63096 769.01561 1
538.76752 179.87215 2
538.87994 411.16483 2
538.99152 307.49723 1
539.12356 224.07776 2
539.25618 88.21793  2
539.43702 453.33106 1
539.44418 576.05388 2
539.61195 446.10441 2
539.65162 221.09294 1
539.79222 877.43543 1
540.39731 620.63038 1
540.40258 168.59358 2
540.58411 110.88825 1
540.6042  175.50139 1
541.51251 29.12522  2
541.6302  120.60504 1
542.09282 425.43673 1
542.64385 761.90251 2
542.9653  73.25215  2
543.03521 61.96162  2
543.26305 617.58858 2
543.91382 257.19135 2
543.93354 978.32711 2
543.9924  281.94847 2
544.05575 299.94207 2
544.3134  159.13585 2
544.36712 44.61015  1
544.46993 102.01089 2
544.51558 684.98659 1
544.63922 148.8202  2
544.68107 476.98823 2
544.94981 316.47343 2
545.3601  456.28682 2
545.38863 218.07885 2
545.59236 117.10543 2
545.82778 778.02175 1
545.8721  744.17  2
545.99686 999.00908 1
546.50022 11.00978  2
546.54219 233.87662 1
546.97915 224.99493 1
546.99841 473.24672 1
547.49059 145.99795 1
547.6556  427.72195 2
547.83805 268.43467 1
547.94629 749.48557 1
547.97097 774.3893  2
548.11822 60.46686  1
548.44803 302.33401 1
548.49962 213.47749 1
548.53787 71.81637  1
549.14172 1012.62843  1
550.29674 968.02413 2
550.54791 683.97722 2
550.63041 237.02373 2
551.1861  842.06975 2
551.61688 998.57499 2
551.84288 910.88444 2
552.53396 882.03099 1
552.61496 224.67603 2
552.93739 33.52592  2
553.00833 182.00495 1
553.16731 120.4386  1
553.36852 1015.38017  2
553.54083 264.92903 2
553.923 838.40402 1
554.04926 718.84634 2
554.46903 198.55564 1
554.54699 906.92898 1
554.58383 988.28136 2
555.02423 860.45987 2
555.4995  114.77835 2
555.95353 761.89486 2
556.01675 890.00066 1
556.07264 170.07638 1
556.51253 999.47798 1
556.53562 679.45361 1
556.68802 883.75933 2
556.88071 721.11356 1
557.93695 269.98548 1
558.24944 101.92963 2
558.63916 423.42537 2
559.07753 199.91351 2
559.61662 172.18966 2
559.62827 988.79655 1
559.73726 241.18515 2
559.96175 87.02682  1
560.21276 660.83813 2
560.24808 250.69087 2
560.63077 880.96568 1
560.67257 275.51702 2
560.68952 216.97331 1
560.71742 125.29482 2
561.29428 676.84542 2
561.94898 589.91147 2
562.10783 482.11562 2
562.13682 466.1725  2
562.89618 219.73237 2
562.98694 236.01483 1
563.33104 245.10618 1
563.50073 264.72675 2
563.87353 472.94835 1
564.26805 90.30117  2
564.45893 103.69502 1
564.53315 36.04849  2
564.56963 601.92092 2
565.06533 595.79717 1
565.90574 665.1517  1
566.03355 709.04212 2
566.06381 207.30986 2
566.50619 127.94858 1
567.23839 879.28981 2
568.00131 713.52176 1
568.00556 170.52913 1
568.32807 54.00608  2
568.70166 288.87746 2
568.77011 475.36366 2
568.98258 70.36945  2
569.70246 159.39134 2
569.912 874.0451  1
570.13595 635.61349 2
570.36341 175.41492 2
570.37652 718.84743 2
570.49824 880.99068 1
570.68796 758.23039 2
570.94477 654.98941 2
571.14023 271.1732  2
571.21226 671.36558 2
571.29909 55.79195  1
571.62344 125.1286  2
572.3254  844.13032 1
572.5555  209.84761 1
572.61936 1010.88828  2
573.06414 752.55571 1
573.46686 654.53049 1
573.57247 180.58991 1
573.96445 717.97153 1
573.99191 225.95677 1
574.0984  695.86068 1
574.41809 583.73624 1
574.7907  1016.11896  1
574.81051 635.49814 1
574.85232 588.98572 2
574.87318 759.79014 1
575.29058 237.19974 1
575.82706 707.15955 1
575.95785 747.53794 2
575.98752 989.03373 1
576.25126 220.90575 2
576.35222 245.28888 2
576.41364 115.24667 2
576.42239 847.11448 2
576.5305  791.65586 1
576.79857 209.06071 2
576.94095 111.48932 1
577.17708 1002.06381  1
578.50025 199.01638 1
578.62061 62.79569  2
578.63078 260.53403 1
578.91144 88.60074  2
578.99155 566.68764 2
579.01737 228.03814 1
579.22822 697.90165 2
579.25329 795.6181  2
579.27888 182.07144 2
579.6587  992.25042 2
579.69517 630.38857 2
579.75193 711.16149 2
580.02733 235.48164 2
580.04122 193.00164 2
580.40021 146.01826 1
581.02972 164.04902 1
581.23974 158.04689 2
581.35678 245.45119 1
581.36178 747.17058 1
581.37488 87.38759  1
581.5925  569.03128 1
581.8304  776.03897 2
582.64802 1004.17572  2
582.77269 128.27609 1
582.9936  770.69719 1
583.30996 212.23764 1
584.31149 71.13225  2
585.18663 204.16805 2
585.44319 145.32711 2
586.06341 172.6677  2
586.12943 261.60332 2
586.24562 838.57204 2
586.41187 124.00054 2
586.95886 1001.45337  1
587.20983 214.66911 2
587.63683 222.63516 1
587.95181 256.19324 1
587.97365 189.52988 1
587.98372 155.52508 1
587.99243 560.54637 1
588.12334 834.99749 1
590.12384 986.96361 2
590.20708 182.76917 2
590.20944 745.11112 2
590.37747 741.39046 1
590.40167 168.68433 1
590.9994  635.02393 1
592.38993 225.00545 2
592.63671 557.88875 2
592.72749 157.42649 2
592.79762 729.4303  2
592.94526 782.53675 1
593.00296 271.03352 1
593.03312 197.0238  2
593.51803 235.46164 2
593.61453 786.78659 2
595.36538 250.42608 2
595.46415 170.01854 2
596.00059 100.52065 2
596.02663 1018.25081  2
596.24249 837.31706 2
596.41052 994.0448  1
596.7179  130.28065 2
596.76371 217.56266 1
596.86235 832.12791 1
596.94344 631.33201 2
596.96582 137.97851 1
597.18398 232.37796 1
597.22659 803.59959 1
597.48465 730.4782  1
597.63616 177.28506 1
598.11702 203.88056 1
598.63454 677.38153 1
599.05261 91.69334  2
599.6166  720.80873 2
600.00316 88.5175 1
600.00841 656.97244 1
600.10055 209.89374 2
600.31676 716.26728 1
600.46987 815.9353  1
600.99565 1004.07175  1
601.02687 141.88891 2
601.1858  754.98321 2
601.39153 996.34742 2
601.49263 698.00257 1
601.52105 292.18649 2
601.52161 536.67963 2
601.77089 807.61813 2
602.4117  101.14618 1
602.51563 219.32541 2
602.99471 753.76558 1
603.23421 167.06677 1
603.61776 197.11424 2
603.90499 674.29185 2
604.0227  539.92645 1
604.06181 324.21946 2
604.33691 702.46011 2
604.3896  309.98379 2
604.7155  1007.5879 2
604.96319 818.2881  2
605.50896 233.56934 2
605.77134 292.44765 1
606.37284 647.99138 2
606.47439 657.911 2
606.62731 143.60583 1
606.69136 280.08549 2
606.70519 322.97684 1
607.38376 788.05596 2
607.50384 107.2221  2
607.5652  161.55257 2
607.59551 284.86204 1
607.63766 117.51808 2
608.02629 709.97581 1
608.03262 238.94089 1
608.06297 313.3781  1
608.11732 171.38262 2
608.61258 574.93336 1
609.06627 128.3418  2
609.29845 372.78517 1
609.37222 195.08944 1
609.66799 596.88026 2
610.41748 570.45398 2
610.74508 711.68121 2
611.50808 788.54222 1
611.66167 377.15954 2
611.92372 114.91972 1
612.00501 621.01302 1
613.52057 337.98887 1
613.55527 332.70711 2
613.74695 997.73658 1
615.01504 622.87918 2
615.45144 546.0695  1
615.52408 992.55094 2
615.97029 130.99593 1
615.98909 274.05388 1
616.46541 264.98705 2
616.75669 322.54793 2
616.98683 307.2906  2
617.92391 587.4724  2
618.53092 738.66049 1
619.48067 156.23448 2
619.88146 134.18281 2
619.90792 93.63567  1
619.94672 541.85251 2
619.96431 98.0493 2
619.97063 678.01971 1
620.08575 682.40432 2
620.32094 279.27275 2
621.02168 324.47065 1
621.42521 587.91825 1
621.83027 1017.06718  1
621.98632 111.98165 1
622.49061 206.67402 2
623.02984 741.02049 2
623.17162 217.51592 2
623.52067 376.95349 2
623.72248 278.71534 1
623.88538 749.51423 2
624.00414 721.43822 1
624.47734 453.03458 1
625.00317 753.69938 1
625.11761 190.31207 2
625.40897 372.55054 1
625.46633 317.53707 1
626.29056 108.54219 2
626.42165 391.8197  1
626.7449  1016.73134  2
627.416 306.12746 1
628.30629 351.49233 2
628.54904 186.57396 1
628.89251 670.03015 2
629.34812 121.37375 2
629.36461 722.39302 2
629.50222 320.57717 2
629.50969 406.53597 2
629.58938 708.1371  1
629.75795 197.78098 1
630.00475 601.93732 1
630.0053  158.47206 1
631 454.28301 2
631.00059 348.00401 1
631.26855 202.98589 2
631.38896 754.39877 1
631.64911 334.90578 2
632.02528 609.98671 1
632.37336 393.14631 2
632.47047 690.14925 1
632.58082 303.44536 2
632.68486 369.41599 2
633.01375 719.99438 1
633.02034 1017.12792  1
634.02968 372.98133 1
634.85226 267.87102 2
634.91426 710.31527 2
635.01589 292.0784  2
635.18806 187.01294 2
635.71223 599.38862 2
636.29866 649.04334 1
636.374 344.94434 2
636.44482 181.99333 1
636.48537 561.47011 2
636.50368 757.77606 2
637.02028 155.36482 2
637.03329 272.73777 1
637.75591 689.44725 2
638.74297 610.7203  2
638.77897 317.2895  2
638.99708 289.52924 1
639.46296 427.50925 2
639.9538  364.37181 2
639.99967 382.07288 2
640.48761 593.52216 1
642.07678 398.80968 2
642.31769 649.87369 2
642.55583 368.12273 1
642.81576 379.36253 1
642.95949 425.45971 1
643.03519 1014.13139  2
643.37891 317.0816  1
643.65876 310.58703 1
643.79096 305.62167 2
644.53007 757.51831 1
644.65277 616.59863 1
644.95549 1019.74586  1
644.98896 358.99318 1
646.01866 664.02733 1
646.93452 593.72871 2
647.09128 502.52661 2
647.95083 654.48956 1
648.52124 760.64122 2
649.10415 362.95646 2
649.41557 340.50464 2
649.53223 157.05056 2
649.54265 620.71318 2
649.73438 145.95937 2
649.89937 659.8198  2
650.97828 505.02855 1
651.02856 318.67495 2
651.49709 520.50893 1
651.89688 401.52299 2
652.11528 717.07351 1
652.30993 315.31636 1
652.44786 406.85978 1
654.49923 341.95096 1
655.00493 616.03959 1
655.01032 331.94668 2
655.33849 719.37566 2
655.584 540.47211 2
655.80533 525.84265 2
657.01049 396.01603 1
657.1547  431.96848 2
657.40686 390.2661  2
657.66817 293.69185 1
657.98531 276.00832 1
658.28626 375.91935 2
658.58374 352.44865 2
658.58537 369.60761 1
658.87223 443.07183 2
658.95471 362.25387 2
659.796 287.9738  2
660.27022 616.66209 2
660.39139 357.41223 1
660.97964 432.03321 1
661.66268 439.59163 1
662.32171 272.17359 2
662.44926 713.07757 1
662.45111 619.85627 1
663.66643 306.97904 2
663.97742 402.96831 2
665.50631 848.64244 2
665.69174 399.01471 1
665.97939 636.03624 1
666.80981 305.33073 1
666.89617 279.88066 2
666.92026 386.30487 1
667.01505 377.51051 1
667.37676 716.43668 2
667.89534 347.18546 2
668.79042 641.7496  2
669.00414 321.57873 2
669.01395 579.45004 1
669.1272  362.10282 2
670.01022 353.09604 1
670.8835  505.47228 1
671.04321 280.99785 1
671.72421 389.99615 2
671.77248 533.0031  2
671.91621 568.71017 1
672.9459  584.2783  2
673.00336 378.0042  2
673.0047  648.44524 1
673.03093 538.94789 1
673.13575 447.46907 2
673.14185 683.42429 1
673.8865  360.82588 1
674.0181  309.923 1
674.17143 698.18597 1
674.58709 557.3954  1
674.88574 289.74507 2
675.11743 301.17888 2
675.79105 275.75254 2
676.63842 572.82707 2
676.81992 313.11251 2
677.25378 503.22648 2
677.46326 690.87487 2
677.83893 702.30714 2
677.88532 338.90498 1
677.96765 356.15753 2
678.6123  279.61276 1
679.09741 288.88805 1
679.36637 646.36698 2
679.37041 301.61833 1
679.52062 343.44661 2
679.60158 540.75208 1
680.07523 680.80733 2
680.77406 557.08468 2
681.04077 379.50608 1
682.58845 546.01671 2
682.82056 603.03667 1
682.92348 333.43815 2
683.94532 571.05205 1
684.03772 647.05381 1
684.81835 374.0205  2
685.77833 396.08889 2
686.48978 607.56367 2
686.54241 481.10765 2
687.60013 380.91055 1
687.89046 505.28762 2
688.32785 475.99154 1
688.543 575.54948 2
688.86586 510.18796 1
688.92716 349.12241 2
689.00148 713.97377 1
689.24273 416.53406 2
689.4784  344.50488 1
691.00186 691.99482 2
691.39085 687.54558 1
691.71267 494.93498 2
691.86401 258.23592 2
692.10119 283.63813 2
692.92484 383.64105 2
693.47205 419.2885  1
694.12345 490.8104  1
694.15968 712.37966 2
694.38482 626.60927 1
694.64959 222.0928  2
695.48682 370.01916 1
695.61386 617.92463 2
696.11605 442.79961 2
696.8509  280.81906 1
697.00872 227.31304 1
697.5926  296.30153 2
698.01214 630.9905  2
698.14959 362.43298 2
698.74517 613.14988 1
699.36847 505.60109 1
699.49318 588.93773 2
699.95911 321.13398 2
700.09839 417.98765 2
700.34313 267.72692 2
700.38025 371.85747 2
700.82477 305.19974 1
701.032 215.9686  1
701.60115 384.30781 2
702.49776 591.00025 1
702.56841 552.33614 2
702.75764 509.47975 2
702.90785 282.445 2
702.97858 380.48268 1
703.01222 419.99585 1
703.01797 535.68938 2
703.25623 360.70702 1
703.51763 265.5281  1
704.15296 320.04837 1
704.41725 311.67146 2
704.82731 395.9031  2
704.90771 231.00959 2
705.53111 531.52301 1
706.38818 620.34049 1
706.941 343.89437 1
707.01678 581.9224  1
707.39146 574.33764 1
707.40156 215.73395 2
707.60369 615.57545 2
707.66839 302.3202  2
708.17908 447.14557 2
708.48516 393.99343 1
709.39414 230.47347 1
709.93829 338.74894 2
710.28571 441.23273 1
711.58783 500.62234 1
711.80202 361.17226 2
712.01744 420.41169 2
712.42517 298.37147 1
712.44814 506.24212 2
713.18317 578.33971 2
713.55322 371.93018 2
714.2716  264.18227 1
714.48573 597.16151 1
714.54932 292.49489 2
714.92541 387.02446 2
715.16556 648.88252 2
715.49391 490.47733 1
715.50655 642.52826 1
715.58106 601.64908 2
716.14963 375.88871 1
716.19128 569.36164 2
716.2907  533.64967 1
716.52515 581.01837 1
716.74335 324.59459 1
717.00095 635.03951 1
717.05533 397.19863 2
717.52522 392.47419 1
717.61919 440.16051 2
718.10141 407.42882 2
718.12688 493.86572 2
718.44389 329.3991  2
719.03734 268.41589 2
719.61624 298.40758 1
719.86619 521.08417 1
720.08338 259.93539 2
721.00072 615.29574 2
721.55535 639.45245 2
722.99918 526.03736 2
723.29992 616.77982 1
723.39238 546.04791 1
723.41922 628.64592 2
723.43207 496.91548 1
723.48224 408.92934 1
723.52192 335.56378 1
723.70253 303.81264 2
724.35217 293.58687 2
724.50165 272.97138 1
724.83096 656.54799 2
725.45401 552.02334 2
725.85422 246.42776 2
726.06587 651.95579 1
726.49992 276.4332  2
727.01903 501.38465 2
727.13378 632.1145  1
727.15366 536.84108 1
727.93236 379.81671 2
728.06074 331.88013 2
728.09724 366.90729 2
728.13733 357.49984 2
728.54369 345.85756 1
728.73962 391.0702  2
728.86401 473.316 2
729.63553 258.62999 1
729.81938 403.88392 2
731.05963 542.02427 2
731.41839 416.00068 2
731.64472 578.56686 1
731.92497 281.86036 1
732.04669 583.25708 2
732.22769 395.74576 1
733.93856 341.49668 2
733.98529 363.97386 1
735.42944 561.99678 1
735.86974 600.8682  2
736.0186  259.97049 2
736.38258 1018.5926 2
736.43939 501.90691 2
737.01131 670.9947  1
737.34542 551.61893 1
737.4552  312.35137 1
737.47267 630.01255 1
737.86861 557.81341 2
737.99996 505.98799 1
738.35229 272.53262 1
738.38676 290.85034 1
738.89415 398.0572  2
739.1024  653.58069 1
739.46884 283.55827 2
739.48513 405.97665 1
739.52722 361.02491 2
739.77798 352.09799 2
739.95367 597.99831 1
740.33064 675.75921 2
740.68531 658.20292 2
741.53089 411.7151  2
742.34683 387.47576 2
742.42349 536.95563 1
742.96836 634.05755 2
743.10249 501.48878 1
743.43181 578.9919  2
743.56412 269.33516 2
743.57255 314.2082  2
743.93986 404.14451 2
744.10608 808.81914 2
744.15717 380.80417 2
744.6008  618.65096 1
744.61002 688.59412 2
745.00738 676.49534 1
745.52498 575.97309 1
745.52958 593.68952 2
745.69321 387.08938 1
745.96575 400.96129 1
746.61072 624.33876 2
746.66512 541.33704 2
746.69095 607.50388 2
747.05018 369.54772 1
747.59367 635.37358 1
748.46267 685.01693 1
749.01848 389.28988 2
749.42856 498.45557 2
749.60469 272.57026 1
749.88431 643.76696 2
749.89564 372.9035  2
749.99478 617.95489 1
750.14138 257.40432 1
750.52935 262.04214 2
751.03382 593.48902 1
751.43062 289.14711 2
751.53205 531.71906 2
751.9461  331.20546 2
752.28804 320.68435 2
753.0796  309.99281 2
753.35829 662.53529 2
753.87847 575.55564 1
754.4216  581.23747 2
754.59393 361.90178 2
754.8424  334.96677 1
754.86093 598.83073 2
754.9318  291.13022 1
755.04276 393.00322 1
755.12752 530.33468 1
755.17305 306.12141 1
755.49427 373.96294 1
755.57631 273.42026 2
756.12869 382.93221 1
756.37901 621.09933 2
756.67146 254.49221 2
756.87616 652.4595  1
757.18211 664.72034 1
757.99759 477.51606 1
759.83565 394.3364  2
759.89738 565.80866 1
759.92709 342.80208 2
760.02234 584.81599 1
760.02887 546.65796 1
761.03996 553.72606 2
761.45463 328.46305 1
761.49986 526.69162 2
761.5469  257.78236 1
761.64065 354.89099 2
761.7558  282.22479 2
762.035 655.84467 2
762.27999 385.1026  2
762.45768 372.93399 2
762.82108 570.81671 2
762.89398 589.96727 2
763.25012 292.47262 2
763.78167 533.47162 1
763.9959  605.99627 1
764.38311 598.46139 1
765.07172 525.68796 1
765.42084 515.99784 2
765.59271 683.83758 1
765.73929 373.19088 1
765.82297 324.59332 2
765.87581 509.26818 1
766.02075 504.81251 2
766.02459 474.07243 2
766.34565 275.50446 2
766.42063 269.39337 1
766.71087 261.88128 2
766.90192 499.56336 1
767.34983 290.46157 1
768.49113 574.03009 1
768.88466 689.58033 2
768.92081 381.36974 2
769.07783 539.78254 2
769.61008 409.61489 1
769.62779 602.3802  2
769.62954 477.37854 1
769.94246 579.98268 2
769.95056 414.46263 2
770.53579 619.70397 1
771.20261 706.84504 2
771.34507 273.78212 1
771.47039 644.17901 1
771.5041  326.0035  1
771.70432 348.44217 1
771.83698 341.75712 2
771.93895 313.21461 1
772.00096 596.0021  1
772.0931  373.1773  2
773.57315 635.7055  2
774.98256 578.9808  1
775.11169 649.17427 2
775.82214 354.50122 2
775.99922 268.12104 2
776.00322 625.12957 2
776.02866 662.51255 1
776.15737 308.73042 2
776.512 677.67331 1
776.64059 631.37654 1
776.94839 481.51457 1
777.30363 322.5278  2
777.99763 557.7157  2
779.85539 375.23684 2
779.98815 600.00745 1
780.48974 568.48232 1
780.67948 666.16918 2
781.02165 574.77052 2
781.45668 545.00659 1
781.52858 582.98961 1
781.76493 605.66687 2
781.79421 478.58524 2
781.91708 696.82375 1
781.96636 712.9295  2
781.98566 624.10736 1
784.11918 508.68526 2
784.42377 297.43422 2
784.44987 292.54902 1
784.50458 502.93108 1
784.64538 629.49918 1
785.00782 701.59662 2
785.03088 649.02554 1
785.46564 549.61799 2
786.72789 586.50392 2
786.86247 711.50782 1
787.4943  342.49552 1
787.51868 520.62626 2
787.52701 610.97979 1
787.82616 634.98243 2
788.01016 683.4846  1
788.57753 540.55828 2
788.57922 515.41096 1
788.63388 616.5173  2
788.97087 307.9045  2
789.146 337.05111 2
789.35301 669.35743 1
789.47738 320.57647 2
789.71207 312.59618 1
790.17271 559.24653 2
790.24487 327.17781 1
790.44451 652.28858 2
790.9685  553.16133 1
791.4027  536.61004 1
791.47399 601.98128 1
792.73318 686.97248 2
792.89496 674.2514  2
793.07423 596.97657 1
793.19239 606.9887  2
793.41632 588.59065 1
793.99476 319.94719 1
793.99593 663.29598 2
794.02917 713.31296 2
794.34027 504.977 2
794.67958 573.61473 1
795.00839 594.45994 2
795.47904 708.98118 1
796.49998 485.28975 2
796.60228 579.60715 2
797.03873 625.05175 1
797.13324 329.24663 2
797.8665  636.1584  2
798.01688 502.47888 1
798.22837 314.90478 2
798.64513 552.36556 2
799.82241 534.64963 2
799.94206 484.58307 1
800.61843 529.95297 1
801.00082 660.02485 1
802.02563 643.46352 1
802.29277 627.92698 2
803.05641 577.01373 1
803.10087 540.4181  1
804.03004 587.47039 1
804.49887 606.55455 1
804.55572 666.47859 1
805.06517 706.34654 2
805.85319 593.03003 2
806.16928 522.39508 2
806.45331 505.48284 1
806.61007 545.85786 2
806.64468 647.21358 2
806.68864 658.88413 2
806.70405 511.12097 2
807.49726 612.4065  2
807.6625  581.49686 2
808.02966 672.51424 2
809.08281 651.90048 1
810.14543 519.99453 1
811.00949 676.45027 1
811.71513 602.08412 2
812.50731 668.10505 1
812.8331  622.17978 1
813.40128 609.84006 1
813.52007 640.52069 1
813.55013 584.61487 1
814.90481 549.25037 2
815.22245 628.01994 2
815.42006 654.47118 2
815.43588 589.2563  2
815.54787 486.08067 2
815.84156 561.7927  2
815.91651 601.08561 1
816.92727 614.5895  2
818.41885 711.91818 1
819.36434 579.46285 2
819.49427 643.18534 2
819.49553 485.56903 1
820.53926 574.95427 1
821.24566 531.27937 2
821.49106 699.00097 1
821.80289 525.98348 1
822.98431 557.38514 1
823.14662 612.09268 1
824.9983  651.9995  1
825.00611 595.28838 1
825.46075 635.88522 1
825.69964 507.27377 2
826.44383 520.73467 2
826.74303 701.85179 2
828.4221  550.03902 1
828.55388 555.99207 2
828.69969 540.32317 2
828.97959 496.76652 2
829.1247  503.44887 1
829.23374 640.41599 2
829.27956 480.16621 2
829.32121 721.74736 1
829.38491 735.38679 1
829.57064 519.09707 1
829.61816 666.65019 1
829.94992 573.47359 1
829.98217 588.90991 1
830.65075 675.3606  2
830.99392 652.63229 2
831.06792 596.04577 2
831.0968  579.86497 2
832.85129 494.8634  1
833.11602 538.82457 1
833.90101 529.89737 2
833.96526 625.03734 1
834.84181 634.77864 1
834.95746 736.70688 2
835.13828 724.19558 2
835.61145 674.59216 1
836.08187 667.30328 2
836.48213 686.51373 1
836.5453  526.30817 1
836.87258 609.45738 2
837.28725 584.86972 1
838.42569 628.76812 2
838.6023  561.63304 2
839.18546 638.96941 2
839.95085 696.00212 1
840.00199 724.488 1
841.16781 603.16333 1
841.91723 506.46234 2
841.9855  247.0164  1
841.99998 545.98215 1
842.17428 689.00081 2
843.02312 561.78223 1
843.0286  588.29071 2
843.11208 667.53298 1
843.51866 573.40842 1
844.00601 701.02266 2
844.23779 653.23762 1
844.58137 613.34557 1
845.4361  506.14025 1
845.84537 550.92188 2
847.03371 571.0189  2
847.10538 608.78258 2
847.24845 484.96517 2
847.60634 671.45013 2
847.61409 497.9766  2
847.86032 593.74988 1
848.62822 622.61667 1
849.01624 517.91851 2
849.45916 554.02037 1
850.0592  494.53272 1
850.11731 654.71291 2
850.12575 483.36911 1
850.3283  537.41588 2
851.79438 681.85141 2
852.45266 689.86412 1
852.70302 744.86834 2
852.73214 666.58445 1
852.75435 561.18751 2
853.49228 537.99879 1
854.28057 592.9035  2
855.09505 713.34675 1
855.11923 624.2236  2
855.44784 678.64977 1
856.97631 647.0177  1
857.38716 726.41538 1
857.53863 693.4073  2
857.82869 559.4891  1
858.62575 667.28272 2
859.45222 687.02925 1
859.79033 626.17098 1
860.58546 649.68066 2
860.67627 715.07543 2
860.71655 636.3 2
860.93413 598.02022 1
863.19071 728.39208 2
863.45859 674.66636 1
863.52588 616.03931 1
864.64792 574.47012 2
864.95769 732.9622  1
864.9789  635.39343 1
865.30073 705.15994 2
868.53096 661.49716 1
868.61191 533.41332 2
868.61238 621.38432 2
868.74893 522.59845 2
869.12986 582.80396 2
869.48179 674.48616 2
869.55447 499.10264 2
871.02706 692.01548 1
871.14028 552.69284 2
871.2543  705.74529 1
871.44408 603.49188 1
871.53069 576.16439 1
872.11556 533.49536 1
873.33619 620.55216 1
873.33778 680.39573 1
873.60523 500.18253 1
873.99348 736.01279 2
873.99569 560.41238 1
874.05934 661.55351 2
874.83407 715.09796 1
875.41812 508.00204 2
876.17897 694.85072 2
876.18865 568.39159 2
876.37646 666.34345 1
877.12888 730.92098 1
878.4431  711.46704 2
878.51324 741.75046 1
878.53444 684.31126 2
878.94615 485.78471 1
879.17026 636.75069 2
879.17074 657.57356 1
879.4292  580.96123 2
879.98876 506.90226 1
880.15999 599.94657 2
880.17435 544.18219 2
880.86417 568.62273 1
883.47152 582.31895 1
883.80211 595.4392  1
883.96672 739.75615 2
884.68515 637.01359 1
885.71242 484.88174 2
885.76247 653.87813 2
888.48929 496.03492 1
888.54625 666.39225 2
888.61276 565.31452 1
888.92208 616.85842 2
891.00913 577.72384 2
891.95779 660.99283 1
892.97287 558.21769 2
893.53617 674.77598 2
894.00379 619.58626 1
894.60735 657.33702 2
895.14467 528.59251 1
895.25816 602.47353 1
895.42933 552.21927 1
895.67378 560.20121 1
896.18783 549.4314  2
896.71058 684.49027 2
896.92381 688.6168  1
897.00492 640.62709 1
897.50949 539.51142 2
897.57353 596.46875 2
897.79486 671.59046 1
898.59171 624.87581 2
898.96963 696.44388 1
899.79891 536.41983 1
900.62413 528.57321 2
900.99413 608.46602 2
902.37113 624.02394 1
903.19053 641.61503 2
903.50854 579.60489 2
905.24894 695.76335 2
906.86649 489.67097 1
906.9564  705.51709 1
906.96232 625.01501 1
907.97368 630.45141 1
908.21979 504.93901 2
908.24707 597.68022 2
909.22871 724.72069 1
909.53315 612.49998 1
909.9974  593.42075 1
910.06296 503.01479 1
911.33783 570.26895 2
911.99178 1014.98221  2
912.59171 706.37752 2
912.74375 609.1452  2
913.38678 525.02864 1
913.68235 627.64949 2
914.11304 696.0308  1
914.30462 560.42714 2
914.36647 489.42371 2
915.63619 725.04699 2
916.6094  644.34262 1
918.44034 613.14521 1
918.58662 517.18613 2
919.21683 589.6858  2
919.37283 535.12924 2
919.50304 693.54854 2
919.62185 593.41053 1
920.919 661.7828  2
921.07065 629.50664 1
922.39202 666.01393 1
922.41553 683.61108 1
922.77838 507.66879 2
922.97745 617.03133 1
923.1945  725.49684 1
923.22618 535.74442 1
923.84057 625.41302 2
923.90043 644.93712 2
924.0504  613.79869 2
924.13613 639.48707 1
924.32557 553.50339 2
925.42385 510.3074  1
926.01282 566.00665 1
926.9848  494.95867 2
927.41127 598.29704 2
927.87249 685.00915 2
928.39193 554.37565 1
928.41458 600.42039 1
929.61275 522.56636 2
929.89195 492.85564 1
929.93197 562.39554 2
929.94034 701.63984 1
930.02578 996.90776 2
931.89201 661.06212 2
933.37032 665.12123 1
933.48945 526.73407 1
933.93475 536.89567 2
934.00738 698.97685 2
936.40615 563.54607 1
937.04352 609.49188 1
937.83866 716.99739 1
938.95273 569.9147  2
939.98104 593.91779 2
940.50798 605.84907 2
941.12325 507.03112 2
941.1505  639.8959  1
941.30183 992.62794 2
943.08532 615.8715  2
943.86376 637.69088 2
944.04022 593.95816 1
944.07296 510.56008 1
946.06673 675.0304  1
946.77376 613.50128 1
948.04595 1004.89568  2
948.12033 653.03563 1
948.95893 648.67484 2
949.08976 671.91076 2
949.4526  585.4522  2
950.06109 554.5952  2
950.94666 572.69171 2
951.36534 687.74161 1
951.51515 999.99761 1
952.33885 543.31839 2
952.42474 557.91891 1
953.45357 577.45852 1
955.46845 668.35408 1
955.52826 684.91381 2
955.98906 613.98296 2
956.36262 589.43379 1
956.66396 543.10815 1
956.87057 663.7931  2
957.15907 629.05346 1
957.49581 1010.55258  2
958.99325 659.02049 1
960.83257 633.95771 2
960.86338 585.29383 2
961.54152 534.86756 2
961.9132  568.37126 2
961.99281 621.03177 1
963.94228 549.50465 2
964.04428 535.50968 1
964.61745 571.38159 1
966.0489  684.46085 2
966.12736 663.06069 1
966.85299 979.58962 2
966.97092 991.45309 2
967.69282 620.88211 2
969.38166 659.41031 2
970.42193 680.50115 1
971.49638 1009.98398  2
972.012 982.00342 1
974.91049 610.84006 1
974.94878 634.79564 2
977.00113 1007.42635  1
980.1098  664.57302 1
980.4107  601.64756 1
983.49411 659.2043  2
983.74616 649.08721 2
984.52309 1015.00599  2
987.46437 611.97039 2
990.00222 1016.96083  1
996.58671 963.40283 2
1008.83168  1016.88594  2
1013.95205  597.98601 1
